  19424 1
   2607 2
    292 3
    148 4
    108 5
     77 6
     70 7
     58 8
     51 9
     40 10
     35 11
     36 12
     18 13
     24 14
     24 15
     22 16
     10 17
      7 18
      6 19
     12 20
      5 21
      8 22
      3 23
      7 24
      4 25
      4 26
      3 27
      1 28
      1 29
      3 30
      2 32
      1 33
      1 35
      1 36
      1 37
      1 38
      1 39
      1 40
      1 42
      1 43
      1 47
      1 49
      1 50
      1 51
      1 53
      1 54
      1 56
      2 57
      1 60
      1 66
      1 82
      1 88
      1 89
      1 95
      1 129
      1 157
      1 168
      1 186
      1 187
      1 201
      1 212
      1 219
      1 227
      1 255
      1 259
      1 265
      1 275
      1 278
      1 291
      1 292
      1 297
      2 329
      2 333
      1 334
      1 343
      1 366
      1 374
      1 385
      1 405
      1 412
      1 427
      1 434
      1 439
      1 449
      1 454
      1 455
      1 460
      1 516
      2 573
      1 579
      1 612
      1 710
      1 725
      1 728
      1 886
